net,wires
"-13,21","[(16, 7, 0), (16, 6, 0), (16, 6, 1), (16, 6, 2), (16, 6, 3), (16, 5, 3), (16, 4, 3), (16, 3, 3), (15, 3, 3), (14, 3, 3), (13, 3, 3), (12, 3, 3), (11, 3, 3), (10, 3, 3), (9, 3, 3), (8, 3, 3), (7, 3, 3), (6, 3, 3), (5, 3, 3), (4, 3, 3), (3, 3, 3), (2, 3, 3), (1, 3, 3), (1, 3, 2), (0, 3, 2), (0, 3, 1), (0, 3, 0), (1, 3, 0)]"
"-24,21","[(1, 1, 0), (1, 2, 0), (1, 3, 0)]"
"-7,10","[(14, 10, 0), (15, 10, 0), (15, 10, 1), (15, 10, 2), (15, 10, 3), (14, 10, 3), (14, 9, 3), (14, 8, 3), (14, 7, 3), (14, 7, 4), (13, 7, 4), (12, 7, 4), (11, 7, 4), (10, 7, 4), (9, 7, 4), (8, 7, 4), (7, 7, 4), (6, 7, 4), (5, 7, 4), (4, 7, 4), (3, 7, 4), (2, 7, 4), (1, 7, 4), (1, 7, 3), (1, 7, 2), (1, 7, 1), (1, 7, 0)]"
"-16,11","[(2, 4, 0), (3, 4, 0), (4, 4, 0), (4, 5, 0), (4, 6, 0), (4, 7, 0)]"
"-13,14","[(16, 7, 0), (15, 7, 0), (14, 7, 0), (13, 7, 0), (13, 6, 0), (13, 5, 0)]"
"-9,19","[(8, 8, 0), (9, 8, 0), (9, 7, 0), (9, 6, 0), (9, 5, 0), (9, 5, 1), (10, 5, 1), (11, 5, 1), (11, 4, 1), (11, 4, 0)]"
"-2,23","[(6, 11, 0), (7, 11, 0), (7, 10, 0), (7, 10, 1), (7, 9, 1), (7, 8, 1), (7, 7, 1), (7, 6, 1), (7, 5, 1), (7, 4, 1), (7, 4, 0), (7, 3, 0), (7, 2, 0), (7, 1, 0), (8, 1, 0), (9, 1, 0), (9, 2, 0)]"
"-11,21","[(4, 7, 0), (4, 7, 1), (3, 7, 1), (2, 7, 1), (2, 6, 1), (1, 6, 1), (1, 5, 1), (1, 4, 1), (1, 3, 1), (1, 3, 0)]"
"-5,4","[(3, 10, 0), (4, 10, 0), (5, 10, 0), (5, 11, 0), (5, 12, 0), (6, 12, 0), (7, 12, 0), (8, 12, 0), (9, 12, 0), (10, 12, 0), (11, 12, 0), (12, 12, 0), (13, 12, 0), (14, 12, 0), (15, 12, 0), (15, 11, 0)]"
"-11,6","[(4, 7, 0), (4, 8, 0), (5, 8, 0), (6, 8, 0), (7, 8, 0), (7, 9, 0), (8, 9, 0), (8, 10, 0), (8, 10, 1), (9, 10, 1), (10, 10, 1), (11, 10, 1), (11, 11, 1), (12, 11, 1), (13, 11, 1), (13, 10, 1), (13, 10, 0), (12, 10, 0)]"
"-18,12","[(9, 4, 0), (10, 4, 0), (10, 5, 0), (10, 6, 0), (10, 7, 0), (11, 7, 0)]"
"-2,22","[(6, 11, 0), (6, 10, 0), (6, 9, 0), (6, 9, 1), (6, 8, 1), (6, 7, 1), (6, 6, 1), (6, 5, 1), (6, 5, 2), (5, 5, 2), (4, 5, 2), (4, 4, 2), (4, 3, 2), (3, 3, 2), (3, 2, 2), (3, 2, 1), (3, 2, 0), (2, 2, 0)]"
"-23,9","[(9, 2, 0), (8, 2, 0), (8, 3, 0), (8, 4, 0), (8, 5, 0), (8, 6, 0), (8, 7, 0), (8, 8, 0)]"
"-23,11","[(9, 2, 0), (9, 3, 0), (9, 3, 1), (8, 3, 1), (7, 3, 1), (6, 3, 1), (5, 3, 1), (5, 4, 1), (5, 5, 1), (5, 6, 1), (5, 7, 1), (5, 7, 0), (4, 7, 0)]"
"-20,9","[(15, 4, 0), (14, 4, 0), (14, 4, 1), (13, 4, 1), (13, 4, 2), (12, 4, 2), (12, 5, 2), (11, 5, 2), (10, 5, 2), (9, 5, 2), (8, 5, 2), (8, 6, 2), (8, 7, 2), (8, 8, 2), (8, 8, 1), (8, 8, 0)]"
"-14,20","[(13, 5, 0), (14, 5, 0), (14, 4, 0), (15, 4, 0)]"
"-11,5","[(4, 7, 0), (3, 7, 0), (3, 8, 0), (3, 9, 0), (3, 10, 0)]"
"-10,24","[(1, 7, 0), (1, 6, 0), (0, 6, 0), (-1, 6, 0), (-1, 6, 1), (-1, 5, 1), (-1, 4, 1), (-1, 4, 0), (-1, 3, 0), (-1, 2, 0), (0, 2, 0), (0, 1, 0), (1, 1, 0)]"
"-23,19","[(9, 2, 0), (10, 2, 0), (11, 2, 0), (11, 3, 0), (11, 4, 0)]"
"-17,22","[(6, 4, 0), (5, 4, 0), (5, 3, 0), (4, 3, 0), (3, 3, 0), (3, 2, 0), (2, 2, 0)]"
"-5,1","[(3, 10, 0), (2, 10, 0), (1, 10, 0), (1, 11, 0)]"
"-19,22","[(11, 4, 0), (10, 4, 0), (10, 3, 0), (10, 3, 1), (10, 2, 1), (10, 1, 1), (9, 1, 1), (8, 1, 1), (7, 1, 1), (6, 1, 1), (5, 1, 1), (4, 1, 1), (3, 1, 1), (2, 1, 1), (2, 2, 1), (2, 2, 0)]"
"-6,18","[(12, 10, 0), (11, 10, 0), (10, 10, 0), (9, 10, 0), (9, 9, 0), (9, 9, 1), (9, 8, 1), (9, 7, 1), (9, 6, 1), (8, 6, 1), (8, 5, 1), (8, 4, 1), (9, 4, 1), (9, 4, 0)]"
"-9,24","[(8, 8, 0), (8, 9, 0), (8, 9, 1), (8, 9, 2), (7, 9, 2), (6, 9, 2), (5, 9, 2), (5, 8, 2), (5, 7, 2), (5, 6, 2), (4, 6, 2), (4, 6, 1), (4, 5, 1), (4, 4, 1), (4, 3, 1), (4, 2, 1), (4, 2, 0), (4, 1, 0), (3, 1, 0), (2, 1, 0), (1, 1, 0)]"
"-19,14","[(11, 4, 0), (12, 4, 0), (13, 4, 0), (13, 5, 0)]"
"-14,12","[(13, 5, 0), (12, 5, 0), (11, 5, 0), (11, 6, 0), (11, 7, 0)]"
"-12,8","[(11, 7, 0), (12, 7, 0), (12, 8, 0), (12, 9, 0)]"
"-15,8","[(16, 5, 0), (16, 5, 1), (15, 5, 1), (15, 6, 1), (15, 6, 2), (15, 7, 2), (15, 8, 2), (15, 9, 2), (15, 9, 1), (14, 9, 1), (13, 9, 1), (12, 9, 1), (12, 9, 0)]"
"-15,7","[(16, 5, 0), (17, 5, 0), (17, 6, 0), (17, 7, 0), (17, 7, 1), (17, 8, 1), (17, 9, 1), (17, 9, 0), (16, 9, 0), (15, 9, 0), (14, 9, 0), (14, 10, 0)]"
"-15,2","[(16, 5, 0), (15, 5, 0), (15, 5, 1), (14, 5, 1), (14, 5, 2), (14, 4, 2), (14, 4, 3), (13, 4, 3), (12, 4, 3), (11, 4, 3), (10, 4, 3), (10, 5, 3), (10, 6, 3), (10, 7, 3), (9, 7, 3), (8, 7, 3), (7, 7, 3), (6, 7, 3), (6, 8, 3), (6, 9, 3), (6, 10, 3), (6, 11, 3), (6, 11, 2), (6, 11, 1), (6, 11, 0)]"
"-25,13","[(12, 1, 0), (12, 2, 0), (12, 3, 0), (12, 3, 1), (12, 4, 1), (12, 5, 1), (12, 6, 1), (13, 6, 1), (13, 6, 2), (13, 7, 2), (13, 8, 2), (13, 8, 1), (14, 8, 1), (15, 8, 1), (16, 8, 1), (16, 8, 0), (16, 7, 0)]"
"-12,16","[(11, 7, 0), (11, 8, 0), (10, 8, 0), (10, 8, 1), (10, 7, 1), (10, 6, 1), (10, 6, 2), (9, 6, 2), (9, 6, 3), (8, 6, 3), (7, 6, 3), (6, 6, 3), (5, 6, 3), (4, 6, 3), (3, 6, 3), (3, 5, 3), (3, 4, 3), (3, 4, 2), (3, 4, 1), (3, 3, 1), (2, 3, 1), (2, 3, 0), (2, 4, 0)]"
"-3,6","[(10, 11, 0), (11, 11, 0), (12, 11, 0), (12, 10, 0)]"
"-12,13","[(11, 7, 0), (11, 7, 1), (12, 7, 1), (13, 7, 1), (14, 7, 1), (15, 7, 1), (16, 7, 1), (16, 7, 0)]"
"-1,16","[(1, 11, 0), (1, 11, 1), (1, 10, 1), (1, 9, 1), (1, 8, 1), (2, 8, 1), (2, 8, 2), (2, 7, 2), (2, 6, 2), (2, 5, 2), (2, 4, 2), (2, 4, 1), (2, 4, 0)]"
"-15,6","[(16, 5, 0), (16, 4, 0), (16, 4, 1), (16, 4, 2), (16, 5, 2), (15, 5, 2), (15, 5, 3), (15, 6, 3), (14, 6, 3), (13, 6, 3), (13, 7, 3), (13, 8, 3), (13, 9, 3), (12, 9, 3), (12, 10, 3), (12, 10, 2), (12, 10, 1), (12, 10, 0)]"
"-16,5","[(2, 4, 0), (2, 5, 0), (2, 6, 0), (2, 7, 0), (2, 8, 0), (2, 9, 0), (2, 9, 1), (3, 9, 1), (3, 10, 1), (3, 10, 0)]"
"-20,10","[(15, 4, 0), (15, 4, 1), (15, 4, 2), (15, 4, 3), (15, 4, 4), (14, 4, 4), (14, 5, 4), (14, 6, 4), (13, 6, 4), (12, 6, 4), (11, 6, 4), (10, 6, 4), (9, 6, 4), (8, 6, 4), (7, 6, 4), (6, 6, 4), (5, 6, 4), (4, 6, 4), (3, 6, 4), (2, 6, 4), (1, 6, 4), (1, 6, 3), (1, 6, 2), (0, 6, 2), (0, 7, 2), (0, 7, 1), (0, 7, 0), (1, 7, 0)]"
"-4,1","[(15, 11, 0), (14, 11, 0), (14, 11, 1), (14, 12, 1), (13, 12, 1), (12, 12, 1), (11, 12, 1), (10, 12, 1), (9, 12, 1), (8, 12, 1), (7, 12, 1), (6, 12, 1), (5, 12, 1), (4, 12, 1), (3, 12, 1), (2, 12, 1), (1, 12, 1), (1, 12, 0), (1, 11, 0)]"
"-16,14","[(2, 4, 0), (1, 4, 0), (1, 4, 1), (1, 4, 2), (1, 5, 2), (1, 5, 3), (2, 5, 3), (2, 5, 4), (3, 5, 4), (4, 5, 4), (5, 5, 4), (6, 5, 4), (7, 5, 4), (8, 5, 4), (9, 5, 4), (10, 5, 4), (11, 5, 4), (12, 5, 4), (13, 5, 4), (13, 5, 3), (13, 5, 2), (13, 5, 1), (13, 5, 0)]"
chip_1_net_5,2275
